Activos,Ocupados,Parados,Tasa de actividad,Tasa de paro,año,trimestre
24227900.0,21250000.0,2977900.0,58.63,12.29,2024,1
24250600.0,21389700.0,2860800.0,58.83,11.8,2023,4
24341000.0,21446500.0,2894500.0,59.29,11.89,2023,3
24066700.0,21258400.0,2808200.0,58.85,11.67,2023,2
23820500.0,20634200.0,3186300.0,58.44,13.38,2023,1
23723300.0,20640700.0,3081600.0,58.4,12.99,2022,4
23771200.0,20745400.0,3025800.0,58.76,12.73,2022,3
23601900.0,20607200.0,2994700.0,58.6,12.69,2022,2
23411300.0,20196700.0,3214700.0,58.36,13.73,2022,1
23423500.0,20274800.0,3148700.0,58.53,13.44,2021,4
23570600.0,20103300.0,3467400.0,59.01,14.71,2021,3
23302500.0,19716100.0,3586300.0,58.42,15.39,2021,2
22943000.0,19239600.0,3703300.0,57.56,16.14,2021,1
23064100.0,19344300.0,3719800.0,58.19,16.13,2020,4
22899800.0,19176900.0,3722900.0,57.83,16.26,2020,3
21975200.0,18607200.0,3368000.0,55.54,15.33,2020,2
22994200.0,19681300.0,3313000.0,58.18,14.41,2020,1
23158800.0,19966900.0,3191900.0,58.74,13.78,2019,4
23088700.0,19874300.0,3214400.0,58.72,13.92,2019,3
23035500.0,19804900.0,3230600.0,58.74,14.02,2019,2
22825400.0,19471100.0,3354200.0,58.35,14.7,2019,1
22868800.0,19564600.0,3304300.0,58.61,14.45,2018,4
22854000.0,19528000.0,3326000.0,58.73,14.55,2018,3
22834200.0,19344100.0,3490100.0,58.8,15.28,2018,2
22670300.0,18874200.0,3796100.0,58.46,16.74,2018,1
22765000.0,18998400.0,3766700.0,58.8,16.55,2017,4
22780900.0,19049300.0,3731700.0,58.92,16.38,2017,3
22727600.0,18813300.0,3914300.0,58.84,17.22,2017,2
22693300.0,18438300.0,4255000.0,58.78,18.75,2017,1
22745900.0,18508100.0,4237800.0,58.95,18.63,2016,4
22848300.0,18527500.0,4320800.0,59.28,18.91,2016,3
22875700.0,18301000.0,4574700.0,59.41,20.0,2016,2
22821000.0,18029600.0,4791400.0,59.29,21.0,2016,1
22873700.0,18094200.0,4779500.0,59.43,20.9,2015,4
22899500.0,18048700.0,4850800.0,59.5,21.18,2015,3
23015500.0,17866500.0,5149000.0,59.79,22.37,2015,2
22899400.0,17454800.0,5444600.0,59.45,23.78,2015,1
23026800.0,17569100.0,5457700.0,59.77,23.7,2014,4
22931700.0,17504000.0,5427700.0,59.53,23.67,2014,3
22975900.0,17353000.0,5622900.0,59.63,24.47,2014,2
22883900.0,16950600.0,5933300.0,59.46,25.93,2014,1
